00
00
11
97
10
01
81
93
00
00
11
17
C0
81
01
13
32
40
00
6F
00
00
00
00
FE
01
01
13
00
11
2E
23
40
80
07
B7
00
07
A0
23
30
04
77
F3
30
40
50
73
24
00
07
93
30
57
90
73
AA
AA
B7
B7
AA
A7
87
93
C0
00
07
37
00
F7
20
23
10
00
06
B7
00
07
27
83
FE
D7
FE
E3
55
55
57
B7
55
57
87
93
00
F7
20
23
40
00
07
B7
00
10
07
37
00
E7
A0
23
40
01
07
37
00
10
07
93
00
F7
20
23
00
00
26
B7
40
02
07
37
00
D7
20
23
40
03
07
37
00
F7
20
23
00
07
27
83
FE
07
9E
E3
40
00
07
B7
00
10
26
B7
00
D7
A0
23
40
01
07
B7
00
20
06
93
00
D7
A0
23
40
02
07
B7
00
00
26
B7
00
D7
A0
23
00
10
07
93
00
F7
20
23
40
03
07
37
00
07
27
83
FE
07
9E
E3
40
00
07
B7
00
10
46
B7
00
D7
A0
23
40
01
07
B7
00
30
06
93
00
D7
A0
23
40
02
07
B7
00
00
26
B7
00
D7
A0
23
00
10
07
93
00
F7
20
23
40
03
07
37
00
07
27
83
FE
07
9E
E3
40
00
07
B7
00
10
66
B7
00
D7
A0
23
40
01
07
B7
00
40
06
93
00
D7
A0
23
40
02
07
B7
00
00
26
B7
00
D7
A0
23
00
10
07
93
00
F7
20
23
40
03
07
37
00
07
27
83
FE
07
9E
E3
40
00
07
B7
00
10
86
B7
00
D7
A0
23
40
01
07
B7
00
50
06
93
00
D7
A0
23
40
02
07
B7
01
00
06
93
00
D7
A0
23
00
10
07
93
00
F7
20
23
40
03
07
37
00
07
27
83
FE
07
9E
E3
00
10
87
B7
00
00
17
37
01
07
87
93
90
F7
20
23
40
1F
07
37
00
07
27
83
FE
07
8E
E3
40
10
08
37
02
08
08
13
40
10
05
37
40
20
05
B7
40
21
06
37
00
10
06
93
40
22
07
B7
00
05
27
03
00
E1
26
23
00
C1
27
03
40
87
57
13
00
E5
A0
23
00
D6
20
23
00
07
A7
03
FE
07
0E
E3
00
C1
27
03
00
E5
A0
23
00
D6
20
23
00
07
A7
03
FE
07
0E
E3
00
C1
27
03
41
87
57
13
00
E5
A0
23
00
D6
20
23
00
07
A7
03
FE
07
0E
E3
00
C1
27
03
41
07
57
13
00
E5
A0
23
00
D6
20
23
00
07
A7
03
FE
07
0E
E3
00
45
05
13
F9
05
1C
E3
40
1E
07
B7
00
10
07
13
00
E7
A0
23
00
07
A0
23
03
20
05
13
17
00
00
EF
08
00
07
93
30
47
A7
F3
30
04
67
F3
00
00
00
6F
40
80
07
B7
FF
01
01
13
00
07
A0
23
00
00
17
B7
90
07
A6
03
40
00
06
B7
40
03
07
37
00
C6
A0
23
00
10
06
93
00
D7
20
23
90
07
A6
83
40
1F
07
37
01
06
86
93
90
D7
A0
23
00
07
27
83
FE
07
8E
E3
40
10
08
37
02
08
08
13
40
10
05
37
40
20
05
B7
40
21
06
37
00
10
06
93
40
22
07
B7
00
05
27
03
00
E1
26
23
00
C1
27
03
40
87
57
13
00
E5
A0
23
00
D6
20
23
00
07
A7
03
FE
07
0E
E3
00
C1
27
03
00
E5
A0
23
00
D6
20
23
00
07
A7
03
FE
07
0E
E3
00
C1
27
03
41
87
57
13
00
E5
A0
23
00
D6
20
23
00
07
A7
03
FE
07
0E
E3
00
C1
27
03
41
07
57
13
00
E5
A0
23
00
D6
20
23
00
07
A7
03
FE
07
0E
E3
00
45
05
13
F9
05
1C
E3
40
1E
07
B7
00
10
07
13
00
E7
A0
23
00
07
A0
23
00
80
07
13
40
80
07
B7
00
E7
A0
23
01
00
07
13
00
E7
A0
23
01
01
01
13
00
00
80
67
FF
01
01
13
00
00
17
B7
00
00
15
37
00
11
26
23
90
47
87
93
90
05
05
13
00
A7
8C
63
40
A7
87
B3
00
17
B6
13
00
F6
06
33
00
00
05
93
05
40
00
EF
00
00
17
B7
00
00
15
37
90
07
87
93
90
05
05
13
00
A7
8C
63
40
A7
87
B3
00
17
B6
13
00
F6
06
33
5B
80
05
93
10
80
00
EF
C8
DF
F0
EF
00
00
00
6F
10
50
00
73
FF
DF
F0
6F
80
00
07
B7
00
A7
A0
23
00
00
80
67
80
00
07
B7
00
07
A5
03
00
00
80
67
00
F0
03
13
00
05
07
13
02
C3
7E
63
00
F7
77
93
0A
07
90
63
08
05
92
63
FF
06
76
93
00
F6
76
13
00
E6
86
B3
00
B7
20
23
00
B7
22
23
00
B7
24
23
00
B7
26
23
01
07
07
13
FE
D7
66
E3
00
06
14
63
00
00
80
67
40
C3
06
B3
00
26
96
93
00
00
02
97
00
56
86
B3
00
C6
80
67
00
B7
07
23
00
B7
06
A3
00
B7
06
23
00
B7
05
A3
00
B7
05
23
00
B7
04
A3
00
B7
04
23
00
B7
03
A3
00
B7
03
23
00
B7
02
A3
00
B7
02
23
00
B7
01
A3
00
B7
01
23
00
B7
00
A3
00
B7
00
23
00
00
80
67
0F
F5
F5
93
00
85
96
93
00
D5
E5
B3
01
05
96
93
00
D5
E5
B3
F6
DF
F0
6F
00
27
96
93
00
00
02
97
00
56
86
B3
00
00
82
93
FA
06
80
E7
00
02
80
93
FF
07
87
93
40
F7
07
33
00
F6
06
33
F6
C3
78
E3
F3
DF
F0
6F
00
A5
C7
B3
00
37
F7
93
00
C5
08
B3
06
07
96
63
00
46
36
13
06
06
12
63
00
35
77
93
00
05
07
13
0C
07
9A
63
FF
C8
F6
13
40
E6
06
B3
02
00
07
93
06
D7
C4
63
00
05
86
93
00
07
07
93
02
C7
7A
63
00
06
A8
03
00
47
87
93
00
46
86
93
FF
07
AE
23
FE
C7
E8
E3
FF
F6
06
13
40
E6
06
33
FF
C6
76
13
00
45
85
93
00
47
07
13
00
C5
85
B3
00
C7
07
33
01
17
68
63
00
00
80
67
00
05
07
13
FF
15
7C
E3
00
05
C7
83
00
17
07
13
00
15
85
93
FE
F7
0F
A3
FE
E8
98
E3
00
00
80
67
00
05
A6
83
00
45
A2
83
00
85
AF
83
00
C5
AF
03
01
05
AE
83
01
45
AE
03
01
85
A3
03
01
C5
A8
03
00
D7
20
23
02
05
A6
83
02
47
07
13
FE
57
20
23
FE
D7
2E
23
FF
F7
22
23
40
E6
06
B3
FF
E7
24
23
FF
D7
26
23
FF
C7
28
23
FE
67
2A
23
FF
07
2C
23
02
45
85
93
FA
D7
C6
E3
F4
5F
F0
6F
00
05
C6
83
00
17
07
13
00
37
77
93
FE
D7
0F
A3
00
15
85
93
F0
07
8E
E3
00
05
C6
83
00
17
07
13
00
37
77
93
FE
D7
0F
A3
00
15
85
93
FC
07
9A
E3
F0
1F
F0
6F
00
00
00
00
